depto	COMHOTREST	CONST	ENSESALUD	MANUF	PRIM	SERVEMP	SOCADMIN	anio
Colón	0.7497555	0.3873286	0.2588625	1.2924786	0.6280783	0.603479	0.5173005	2014
Concordia	1.2259734	1.3140476	0.89167130000000006	0.7796005	2.4893821	1.2584755	0.984166	2014
Diamante	0.9449703	0.5811304	1.5089964	1.084221	0.8174462	0.6839372	1.0244604	2014
Federación	1.2178948	0.6827283	0.7283993	1.0418563	1.6528106	0.6840729	0.7730749	2014
Federal	1.4982034	1.7056999	0.7980348	0.3855531	4.0761917	0.8778607	2.3084078	2014
Feliciano	1.620645	1.7508932	1.9337258	0.3491836	3.5061236	0.9740832	2.3902581	2014
Gualeguay	0.714234	0.9501061	0.4938724	1.1662079	1.052766	0.6829597	0.730883	2014
Gualeguaychú	0.8829729	0.8232781	0.8327236	1.0947672	0.742658	1.0250986	0.7704346	2014
Islas del Ibicuy	0.1919472	1.0352054	0.4040247	0.9692316	1.1572057	2.0389049	0.7486646	2014
La Paz	1.0129585	1.2138724	1.0424613	0.8521891	2.298798	0.8222702	1.2575029	2014
Nogoyá	1.1655379	0.6457195	1.1992299	0.9779597	1.298918	0.8672353	1.0479973	2014
Paraná	1.0858419	1.1261857	1.3478367	0.9424954	0.3228502	1.237094	1.2183949	2014
San Salvador	0.5704984	1.2922099	0.2452351	1.1842999	1.2735311	0.7475538	0.5356576	2014
Tala	1.0101316	1.0651466	0.4226464	0.7840066	1.9665078	0.8509261	1.8339736	2014
Uruguay	0.7473743	0.9354729	1.2508206	1.1692259	0.3405771	0.8625939	0.7333022	2014
Victoria	1.377689	1.3524046	0.8605413	0.8090913	1.0950184	0.9308994	1.6351874	2014
Villaguay	1.1842888	1.7170047	0.8537129	0.7820364	1.9914505	0.8939903	1.4555999	2014
Colón	0.7438169	0.3783908	0.260965	1.3001142	0.6109054	0.593237	0.5045422	2015
Concordia	1.2322118	1.3100819	0.8873688	0.7772777	2.5413377	1.2654711	0.978305	2015
Diamante	0.942237	0.7040657	1.5137646	1.0690573	0.8187859	0.7230873	1.0261129	2015
Federación	1.2094269	0.5537944	0.7657719	1.0587528	1.6256379	0.6521877	0.7682024	2015
Federal	1.4831472	1.663701	0.8128942	0.388899	3.9046911	0.8922014	2.3760379	2015
Feliciano	1.4173755	1.1218722	1.9321361	0.2936962	4.1402972	0.9015916	2.7456673	2015
Gualeguay	0.7086493	0.9230674	0.4960002	1.1780792	1.023877	0.6535308	0.721903	2015
Gualeguaychú	0.8654722	0.9620903	0.8522622	1.0922527	0.7023697	1.0389585	0.7636547	2015
Islas del Ibicuy	0.207049	0.9744175	0.4727168	1.024689	1.2713822	1.6284472	0.8144546	2015
La Paz	0.9995281	1.2798577	1.015433	0.8688142	2.1774637	0.7995759	1.2472123	2015
Nogoyá	1.084124	0.621782	1.1678932	0.9850916	1.4550316	0.8706963	1.0098726	2015
Paraná	1.100023	1.1523005	1.3310942	0.9363508	0.3222491	1.2423836	1.2252141	2015
San Salvador	0.5938341	1.2741783	0.2756375	1.1788261	1.220103	0.7991	0.526542	2015
Tala	1.0111601	0.9576005	0.4309378	0.776978	1.9999649	0.8441254	1.8848619	2015
Uruguay	0.7500361	0.8899658	1.2383745	1.1711459	0.3451516	0.8782764	0.7136202	2015
Victoria	1.3577447	1.1546109	0.9468147	0.8182951	1.0902441	0.9299638	1.6370395	2015
Villaguay	1.211236	1.4200849	0.8895049	0.789361	1.947675	0.8860997	1.4947648	2015
Colón	0.7213871	0.42067330000000003	0.2603824	1.2958565	0.6154323	0.5844783	0.4971856	2016
Concordia	1.2303154	1.4816198	0.8942956	0.7888721	2.4555461	1.2422046	0.9891794	2016
Diamante	0.9146104	0.6630971	1.5049266	1.0733199	0.7859259	0.7368249	1.0087853	2016
Federación	1.1806195	0.4747601	0.7685265	1.0744957	1.595086	0.6135183	0.7573379	2016
Federal	1.4761247	1.4931619	0.8246757	0.360808	4.2401799	0.8405664	2.5316998	2016
Feliciano	1.4651524	1.269042	2.0449158	0.3081402	4.7128323	0.8401387	2.468133	2016
Gualeguay	0.7106767	0.9029178	0.503088	1.1718319	1.0387338	0.6573	0.7324322	2016
Gualeguaychú	0.8723082	0.757884	0.857918	1.1003561	0.6925633	1.0433424	0.7585518	2016
Islas del Ibicuy	0.2266172	0.8855248	0.5389826	1.0622405	1.4362314	1.3286223	0.8479593	2016
La Paz	1.0000851	1.2326021	1.0674065	0.8447039	2.3704942	0.8081595	1.3038735	2016
Nogoyá	1.0699002	0.5658027	1.1592867	0.9834421	1.4711896	0.8651335	1.0281615	2016
Paraná	1.1162222	1.2246402	1.3203407	0.9266809	0.3252415	1.2688582	1.2239032	2016
San Salvador	0.5917728	1.09827	0.2830224	1.1998397	1.1089384	0.8012085	0.5155729	2016
Tala	1.0052298	0.8685028	0.4653819	0.770144	2.0790947	0.8274177	1.9310259	2016
Uruguay	0.7350746	0.9363818	1.2182955	1.1740139	0.3569745	0.8628657	0.6898689	2016
Victoria	1.3559182	0.6818119	0.9433235	0.8129087	1.1683946	0.936078	1.7336904	2016
Villaguay	1.2785998	1.2888502	0.9056039	0.77947	1.9914719	0.9018211	1.520316	2016
Colón	0.739331	0.3664905	0.2618419	1.29119	0.6569595	0.6052322	0.5115997	2017
Concordia	1.2143283	1.4341574	0.8998918	0.8049807	2.383674	1.2003006	0.9917234	2017
Diamante	0.9034896	0.6750079	1.487181	1.0695249	0.7727975	0.7761187	1.0111002	2017
Federación	1.1556678	0.4887063	0.768836	1.0906186	1.5685895	0.589045	0.7418212	2017
Federal	1.4117459	1.8147905	0.8703113	0.3441779	4.3124963	0.8483987	2.5206369	2017
Feliciano	1.5955758	1.5496336	2.154802	0.3309968	4.2983828	0.8798312	2.3025003	2017
Gualeguay	0.7121166	0.941397	0.5377945	1.1696447	1.060518	0.6640623	0.7292733	2017
Gualeguaychú	0.915565	0.7355133	0.8859199	1.0947699	0.7227591	1.0126304	0.7792934	2017
Islas del Ibicuy	0.213207	0.7693943	0.4873028	0.9726401	1.2235391	2.0824922	0.7761596	2017
La Paz	0.9636067	1.2060949	1.0816387	0.8487468	2.4110796	0.8011831	1.3030108	2017
Nogoyá	1.0256313	0.5161897	1.0968088	1.0199954	1.3741237	0.8276608	0.9819453	2017
Paraná	1.1140534	1.2669168	1.3016218	0.9239897	0.3222213	1.270132	1.2156696	2017
San Salvador	0.565015	1.0177114	0.274072	1.2043372	1.081215	0.7458223	0.6073498	2017
Tala	1.0139821	0.9717209	0.4641	0.7625822	2.1289385	0.8600991	1.8884479	2017
Uruguay	0.7247354	0.9052177	1.2195265	1.1743168	0.3959851	0.870355	0.6869729	2017
Victoria	1.3988752	0.5804325	0.9273679	0.8144083	1.1864521	0.9247036	1.7161508	2017
Villaguay	1.2713152	1.2395679	0.9044915	0.7809864	1.9651697	0.9407861	1.4965184	2017
Colón	0.7374394	0.3110976	0.2659462	1.2856697	0.6928447	0.6208208	0.5117257	2018
Concordia	1.1876842	1.518214	0.9128828	0.8123373	2.3856157	1.1702372	0.9857887	2018
Diamante	0.8808535	0.6425673	1.4283315	1.0854613	0.7419799	0.7360994	1.002229	2018
Federación	1.1465894	0.4163064	0.7459888	1.0987265	1.5414726	0.5777328	0.7340548	2018
Federal	1.4623542	2.0251679	0.9422503	0.3237763	4.1219636	0.88503829999999994	2.5658157	2018
Feliciano	1.4623174	1.5504579	1.9573251	0.4016718	2.914439	0.9144561	2.5889272	2018
Gualeguay	0.7284767	1.084915	0.5531291	1.1590347	1.0561802	0.6553655	0.7390297	2018
Gualeguaychú	0.9255648	0.7727754	0.9076139	1.0839213	0.7268776	1.0418629	0.7860029	2018
Islas del Ibicuy	0.2209976	0.9369202	0.5234922	1.0101291	1.2794807	1.7993719	0.7854325	2018
La Paz	0.9572419	1.2701865	1.1110778	0.8451097	2.4643103	0.7716641	1.3036732	2018
Nogoyá	1.003174	0.5298264	1.0725241	1.0312301	1.3277507	0.7915144	0.9820815	2018
Paraná	1.1293912	1.24203	1.2950502	0.9229787	0.3137127	1.2836547	1.2174234	2018
San Salvador	0.5352255	1.0901173	0.2722229	1.1939356	1.4231233	0.7343686	0.5346891	2018
Tala	1.0145391	0.9440782	0.475001	0.7554213	2.0499219	0.9105022	1.9069955	2018
Uruguay	0.7327045	0.8515601	1.2288384	1.1736816	0.4011844	0.8888297	0.67552160000000006	2018
Victoria	1.3331014	0.2786338	0.86316	0.8669065	1.1404224	0.8556646	1.6496342	2018
Villaguay	1.2511487	1.3629133	0.9178299	0.7700539	1.9720106	0.9697706	1.5045916	2018
Colón	0.7245179	0.2830117	0.2573796	1.2933621	0.6545971	0.6133273	0.5172487	2019
Concordia	1.1270153	1.7450972	0.9203637	0.8097094	2.5592642	1.0902166	0.9780318	2019
Diamante	0.856637	0.6520553	1.3945523	1.0998037	0.7209734	0.71385	0.976162	2019
Federación	1.1903066	0.5457798	0.7489089	1.0723464	1.5040726	0.6436415	0.7557042	2019
Federal	1.3908683	2.2310387	0.9559984	0.3109272	3.9043104	0.9578295	2.6002398	2019
Feliciano	1.3492703	1.7762024	1.5197621	0.4305557	2.9120732	0.9662489	2.458809	2019
Gualeguay	0.7292457	1.0540267	0.5688061	1.1663376	1.0505373	0.6385433	0.7294752	2019
Gualeguaychú	0.9322078	0.8695805	0.9332581	1.0652568	0.7418161	1.0887146	0.8066977	2019
Islas del Ibicuy	0.601786	1.0282595	0.5251312	1.0261135	1.2776089	1.4118872	0.759168	2019
La Paz	0.9516829	1.1963505	1.1140084	0.8438891	2.4477434	0.776046	1.3059622	2019
Nogoyá	1.0237192	0.5796992	1.0929479	1.0234405	1.2823923	0.8058036	0.9870141	2019
Paraná	1.1405135	1.1283522	1.3031519	0.92681500000000006	0.3095134	1.289702	1.2186538	2019
San Salvador	0.5250212	0.9061395	0.2494232	1.2099897	1.0116496	0.7814006	0.6359165	2019
Tala	1.0245624	0.8648837	0.5259433	0.7331712	2.0174792	0.9756643	1.9396092	2019
Uruguay	0.7512572	0.8695466	1.1948812	1.1787861	0.3855015	0.8967886	0.6513158	2019
Victoria	1.3816719	0.1157354	0.8745975	0.85687	1.1004904	0.8980514	1.6531607	2019
Villaguay	1.2701043	1.2736258	0.89618660000000006	0.7710159	1.9171818	1.0003642	1.4892328	2019
Colón	0.6915148	0.2544045	0.2531172	1.2841285	0.6653658	0.5943716	0.5185824	2020
Concordia	1.1561219	1.7027037	0.9594828	0.8254231	2.3188938	1.1500945	1.0039118	2020
Diamante	0.8414859	0.6690467	1.3444211	1.1005197	0.7591023	0.6939926	0.9531305	2020
Federación	1.1876942	0.5974062	0.7734394	1.0591863	1.5979293	0.6145411	0.7709288	2020
Federal	1.3880671	2.3941736	0.9459747	0.3196744	4.1709068	0.9147529	2.6560172	2020
Feliciano	1.342236	2.7406484	1.4731415	0.4068388	2.5790296	0.9172489	2.737786	2020
Gualeguay	0.7267498	1.0581419	0.5816843	1.1638308	1.0785036	0.6138929	0.7171652	2020
Gualeguaychú	0.9136352	0.9365068	0.926377	1.0597633	0.78035	1.0880562	0.8039171	2020
Islas del Ibicuy	0.6753946	1.1937399	0.5352125	0.9754244	1.4619769	1.5067894	0.7870673	2020
La Paz	0.9720806	1.1339078	1.122483	0.8430574	2.5894912	0.7539084	1.3154151	2020
Nogoyá	1.0343403	0.5695594	1.0881493	1.0182442	1.3383832	0.7917892	0.9816587	2020
Paraná	1.1527625	1.1155936	1.3042526	0.9242799	0.3310298	1.2991891	1.2213902	2020
San Salvador	0.5581277	0.9875081	0.2574575	1.1972525999999999	0.9769754	0.7691006	0.6427289	2020
Tala	1.0408689	0.7826479	0.5570272	0.7180641	2.1846802	0.9860621	1.9938454	2020
Uruguay	0.7321088	0.8512109	1.1910128	1.1736696	0.401452	0.9035738	0.6359815	2020
Victoria	1.4011031	0.0548964	0.8594198	0.8730091	1.1361877	0.8561579	1.5953807	2020
Villaguay	1.287395	1.5330801	0.8095081	0.7681228	2.1228905	0.9695922	1.4671056	2020
Colón	0.6835681	0.2591609	0.2600339	1.2823021	0.6813292	0.5846423	0.5104383	2021
Concordia	1.1479545	1.8272912	0.9601096	0.8378895	2.1687072	1.1580618	0.9974154	2021
Diamante	0.864366	0.6711979	1.2769863	1.1041294	0.7667769	0.6795446	0.9343613	2021
Federación	1.1397997	0.4836056	0.7832983	1.0793415	1.5166422	0.6066844	0.772967	2021
Federal	1.2848253	2.683198	0.9241929	0.3266715	4.3859517	0.95142	2.6272591	2021
Feliciano	1.0974363	2.6157765	1.4166131	0.4452944	2.6586432	0.8776275	2.8026383	2021
Gualeguay	0.7548299	0.9198426	0.5848233	1.1627428	1.0942477	0.6070851	0.7130431	2021
Gualeguaychú	0.9118358	0.7614539	0.909808	1.0693464	0.7761893	1.066282	0.7996702	2021
Islas del Ibicuy	0.477318	1.1273582	0.5072591	0.9495579	1.4833931	1.8086899	0.7918366	2021
La Paz	0.9507698	1.2479922	1.1473216	0.8387989	2.6240808	0.7749427	1.3329004	2021
Nogoyá	1.0495337	0.4608477	1.0911629	1.0151489	1.3430066	0.8219824	0.9929546	2021
Paraná	1.1566327	1.1117116	1.302633	0.9256199	0.3481097	1.2789699	1.2199742	2021
San Salvador	0.5901755	0.9247779	0.2820938	1.1828752	1.0205783	0.7645315	0.6631647	2021
Tala	1.0510059	0.8655722	0.5511731	0.7051267	2.2117149	1.0375997	2.0364886	2021
Uruguay	0.7514948	0.8507278	1.2030084	1.1567176	0.4137775	0.9462252	0.6396197	2021
Victoria	1.3733447	0.2863639	0.8777275	0.8797987	1.1759779	0.8503639	1.564813	2021
Villaguay	1.338901	1.8033761	0.8637778	0.7410702	2.1960385	1.0289336	1.4714034	2021
Colón	0.71864	0.2567159	0.2673729	1.2719813	0.7299229	0.5769715	0.5167532	2022
Concordia	1.167131	1.6084438	0.9727376	0.8652541	1.8399732	1.1723475	1.0074305	2022
Diamante	0.8619387	0.6565333	1.2855503	1.0959539	0.792858	0.6998406	0.9502631	2022
Federación	1.1423021	0.4702483	0.8006917	1.0717405	1.5485655	0.6338291	0.7851629	2022
Federal	1.2309924	1.9981689	0.9007117	0.355527	4.4932363	1.0115067	2.6716698	2022
Feliciano	1.0955861	2.3821537	1.5169994	0.5003479	3.265809	0.9743348	2.3184223	2022
Gualeguay	0.7961304	0.9309597	0.5961525	1.14193	1.1649018	0.6300508	0.7349046	2022
Gualeguaychú	0.942003	0.7453707	0.8999356	1.0693845	0.7987179	1.0413031	0.7914905	2022
Islas del Ibicuy	0.4924946	0.9342572	0.4892894	0.9488885	1.5674854	1.8747727	0.7606438	2022
La Paz	0.9432182	1.2577872	1.1610165	0.8329803	2.7416571	0.810304	1.335386	2022
Nogoyá	1.0075754	0.4770827	1.1113463	1.0203838	1.4312199	0.7863743	1.0017922	2022
Paraná	1.1439419	1.1726703	1.294639	0.9249486	0.3630022	1.2670709	1.2159305	2022
San Salvador	0.5947292	1.0022446	0.2975156	1.1421698	1.5264104	0.7493507	0.669514	2022
Tala	1.0308214	1.2217129	0.5552863	0.6921764	2.2962426	1.0668324	2.0533675	2022
Uruguay	0.7201104	0.8285108	1.1739004	1.1625622	0.4095598	0.9382582	0.6270504	2022
Victoria	1.3903536	0.9406362	0.9012298	0.8470046	1.2119578	0.8631341	1.589793	2022
Villaguay	1.3098545	1.8541119	0.8771388	0.7259958	2.3535778	1.0459508	1.5079415	2022
