depto	COMHOTREST	CONST	ENSESALUD	MANUF	PRIM	SERVEMP	SOCADMIN	anio
Colón	0.7462897	0.387407	0.2579788	1.2922501	0.6286463	0.6071039	0.5165544	2014
Concordia	1.2203061	1.3143135	0.8886276	0.7794627	2.4916334	1.2660349	0.9827464	2014
Diamante	0.940602	0.581248	1.5038453	1.0840293	0.8181854	0.6880455	1.0229827	2014
Federación	1.2122649	0.6828665	0.7259129	1.0416721	1.6543052	0.688182	0.7719598	2014
Federal	1.4912777	1.7060451	0.7953107	0.3854849	4.0798779	0.8831338	2.3050781	2014
Feliciano	1.6131533	1.7512476	1.9271249	0.3491219	3.5092942	0.9799343	2.3868103	2014
Gualeguay	0.7109323	0.9502984	0.4921865	1.1660017	1.053718	0.6870621	0.72982880000000006	2014
Gualeguaychú	0.8788912	0.8234447	0.829881	1.0945737	0.7433296	1.0312561	0.7693233	2014
La Paz	1.008276	1.2141181	1.0389028	0.8520384	2.3008769	0.8272094	1.2556891	2014
Nogoyá	1.16015	0.6458502	1.1951363	0.9777868	1.3000926	0.8724445	1.0464856	2014
Paraná	1.0808224	1.1264136	1.3432358	0.9423287	0.3231422	1.2445249	1.2166374	2014
San Salvador	0.5678611	1.2924715	0.244398	1.1840905	1.2746828	0.7520442	0.534885	2014
Tala	1.0054621	1.0653622	0.4212037	0.783868	1.9682861	0.8560374	1.8313283	2014
Uruguay	0.7439194	0.9356623	1.2465508	1.1690192	0.3408851	0.8677753	0.7322444	2014
Victoria	1.3713204	1.3526783	0.8576038	0.8089483	1.0960087	0.9364911	1.6328288	2014
Villaguay	1.1788142	1.7173522	0.8507987	0.7818982	1.9932514	0.8993603	1.4535004	2014
Colón	0.7407249	0.3783399	0.2602426	1.3002832	0.6117794	0.5952062	0.5040499	2015
Concordia	1.2270896	1.3099055	0.8849125	0.7773787	2.5449735000000002	1.2696715	0.9773504	2015
Diamante	0.9383202	0.7039709	1.5095744	1.0691962	0.8199573	0.7254875	1.0251116	2015
Federación	1.2043993	0.5537198	0.7636522	1.0588904	1.6279636	0.6543526	0.7674528	2015
Federal	1.4769818	1.663477	0.810644	0.3889495	3.9102774	0.8951628	2.3737193	2015
Feliciano	1.4114835	1.1217211	1.9267878	0.2937343	4.1462206	0.9045843	2.742988	2015
Gualeguay	0.7057035	0.9229431	0.4946272	1.1782324	1.0253419	0.6557001	0.7211986	2015
Gualeguaychú	0.8618744	0.9619608	0.849903	1.0923947	0.7033745	1.0424071	0.7629095	2015
La Paz	0.9953731	1.2796853	1.0126222	0.8689271	2.1805789	0.80223	1.2459953	2015
Nogoyá	1.0796173	0.6216983	1.1646604	0.9852196	1.4571132	0.8735864	1.0088872	2015
Paraná	1.0954502	1.1521453	1.3274096	0.9364725	0.3227101	1.2465074	1.2240185	2015
San Salvador	0.5913656	1.2740068	0.2748745	1.1789793	1.2218486	0.8017524	0.5260282	2015
Tala	1.0069567	0.9574715	0.4297449	0.777079	2.0028262	0.8469273	1.8830227	2015
Uruguay	0.7469182	0.889846	1.2349466	1.1712982	0.3456454	0.8811916	0.7129238	2015
Victoria	1.3521006	1.1544554	0.9441938	0.8184014	1.0918039	0.9330506	1.6354421	2015
Villaguay	1.2062009	1.4198937	0.8870427	0.7894636	1.9504614	0.8890409	1.4933062	2015
Colón	0.7186029	0.4204321	0.2597824	1.2962607	0.6167803	0.5854422	0.4968072	2016
Concordia	1.225567	1.4807706	0.8922349	0.7891181	2.4609243	1.244253	0.9884265	2016
Diamante	0.9110804	0.662717	1.5014589	1.0736547	0.7876472	0.73804	1.0080175	2016
Federación	1.1760629	0.474488	0.7667556	1.0748309	1.5985796	0.61453	0.7567615	2016
Federal	1.4704275	1.492306	0.8227755	0.3609205	4.2494667	0.8419525	2.5297729	2016
Feliciano	1.4594976	1.2683146	2.0402038	0.3082363	4.7231544	0.8415241	2.4662544	2016
Gualeguay	0.7079338	0.9024003	0.5019288	1.1721974	1.0410089	0.6583839	0.7318748	2016
Gualeguaychú	0.8689415	0.7574496	0.8559411	1.1006993	0.6940802	1.045063	0.7579745	2016
La Paz	0.9962253	1.2318957	1.0649469	0.8449674	2.3756861	0.8094922	1.3028811	2016
Nogoyá	1.0657709	0.5654784	1.1566154	0.9837488	1.4744119	0.8665602	1.0273789	2016
Paraná	1.1119141	1.2239383	1.3172982	0.9269699	0.3259539	1.2709506	1.2229716	2016
San Salvador	0.5894889	1.0976405	0.2823702	1.200214	1.1113672000000001	0.8025297	0.5151805	2016
Tala	1.0013501	0.868005	0.4643096	0.7703843	2.0836483	0.8287821	1.9295562	2016
Uruguay	0.7322375	0.9358451	1.2154882	1.17438	0.3577563	0.8642886	0.6893438	2016
Victoria	1.350685	0.6814211	0.9411498	0.8131623	1.1709537	0.9376216	1.7323709	2016
Villaguay	1.273665	1.2881115	0.9035171	0.7797131	1.9958337	0.9033082	1.5191589	2016
Colón	0.7360954	0.3660189	0.2610941	1.2909927	0.657781	0.6089146	0.5109607	2017
Concordia	1.209014	1.4323121	0.8973216	0.8048577	2.3866546	1.2076037	0.9904848	2017
Diamante	0.8995356	0.6741393	1.4829335	1.0693614	0.7737638	0.7808409	1.0098373	2017
Federación	1.1506102	0.4880775	0.7666401	1.0904519	1.5705509	0.592629	0.7408947	2017
Federal	1.4055676	1.8124555	0.8678256	0.3441253	4.3178887	0.8535607	2.5174887	2017
Feliciano	1.588593	1.5476398	2.1486476	0.3309462	4.3037575	0.8851844	2.2996245	2017
Gualeguay	0.7090001	0.9401857	0.5362585	1.1694659	1.0618441	0.6681027	0.7283624	2017
Gualeguaychú	0.9115582	0.734567	0.8833896	1.0946026	0.7236628	1.0187916	0.7783201	2017
La Paz	0.9593896	1.2045431	1.0785494	0.8486171	2.4140944	0.8060578	1.3013834	2017
Nogoyá	1.0211428	0.5155255	1.0936762	1.0198395	1.375842	0.8326966	0.9807189	2017
Paraná	1.1091779	1.2652867	1.2979042	0.9238485	0.3226243	1.27786	1.2141513	2017
San Salvador	0.5625423	1.0164019	0.2732892	1.2041531	1.082567	0.7503601	0.6065912	2017
Tala	1.0095446	0.9704706	0.4627745	0.7624656	2.1316005	0.8653322	1.8860893	2017
Uruguay	0.7215637	0.904053	1.2160434	1.1741374	0.3964802	0.8756506	0.6861148	2017
Victoria	1.3927532	0.5796856	0.9247192	0.8142838	1.1879356	0.9303298	1.7140074	2017
Villaguay	1.2657515	1.237973	0.9019082	0.780867	1.967627	0.9465102	1.4946493	2017
Colón	0.7342313	0.3109876	0.2652373	1.2857427	0.6939325	0.6236169	0.5111106	2018
Concordia	1.1825174	1.517677	0.9104494	0.8123835	2.3893612	1.1755077	0.9846038	2018
Diamante	0.8770215	0.64234	1.4245242	1.085523	0.7431449	0.7394146	1.0010243	2018
Federación	1.1416013	0.4161591	0.7440003	1.0987889	1.5438927	0.5803348	0.7331724	2018
Federal	1.4559925	2.0244516	0.9397387	0.3237947	4.1284352	0.8890243	2.5627315	2018
Feliciano	1.4559559	1.5499095	1.9521077	0.4016946	2.9190147	0.9185746	2.5858152	2018
Gualeguay	0.7253076	1.0845313	0.5516547	1.1591005	1.0578384	0.6583172	0.7381414	2018
Gualeguaychú	0.9215383	0.7725021	0.9051946	1.0839828	0.7280188	1.0465552	0.7850581	2018
La Paz	0.9530776	1.2697372	1.1081162	0.8451578	2.4681793	0.7751395	1.3021062	2018
Nogoyá	0.9988099	0.529639	1.0696652	1.0312887	1.3298353	0.7950792	0.980901	2018
Paraná	1.124478	1.2415907	1.2915981	0.9230312	0.3142053	1.289436	1.21596	2018
San Salvador	0.5328971	1.0897317	0.2714973	1.1940034	1.4253577	0.737676	0.5340463	2018
Tala	1.0101255	0.9437443	0.4737349	0.7554642	2.0531403	0.9146029	1.9047032	2018
Uruguay	0.729517	0.8512589	1.2255629	1.1737483	0.4018142	0.8928328	0.6747096	2018
Victoria	1.327302	0.2785353	0.8608592	0.8669558	1.1422129	0.8595184	1.6476513	2018
Villaguay	1.2457058	1.3624313	0.9153834	0.7700976	1.9751067	0.9741382	1.502783	2018
Colón	0.7228544	0.2830579	0.2566752	1.2935573	0.655649	0.6147908	0.5165298	2019
Concordia	1.1244275	1.7453822	0.9178448	0.8098316	2.5633768	1.0928179	0.9766724	2019
Diamante	0.8546701	0.6521618	1.3907356	1.0999697	0.7221319	0.7155533	0.9748052	2019
Federación	1.1875735	0.545869	0.7468592	1.0725082	1.5064895	0.6451773	0.7546539	2019
Federal	1.3876748	2.2314032	0.953382	0.3109741	3.9105844	0.9601149	2.5966258	2019
Feliciano	1.3461722	1.7764926	1.5156027	0.4306206	2.9167528	0.9685545	2.4553915	2019
Gualeguay	0.7275713	1.0541988	0.5672494	1.1665136	1.0522254	0.640067	0.7284613	2019
Gualeguaychú	0.9300673	0.8697226	0.9307039	1.0654176	0.7430081	1.0913124	0.8055765	2019
La Paz	0.9494978	1.1965459	1.1109595	0.8440165	2.4516768	0.7778977	1.3041471	2019
Nogoyá	1.0213687	0.5797939	1.0899567	1.023595	1.284453	0.8077263	0.9856423	2019
Paraná	1.1378948	1.1285365	1.2995853	0.9269549	0.3100108	1.2927793	1.21696	2019
San Salvador	0.5238157	0.9062875	0.2487406	1.2101723	1.0132753	0.7832651	0.6350326	2019
Tala	1.0222099	0.865025	0.5245038	0.7332819	2.0207212	0.9779923	1.9369133	2019
Uruguay	0.7495323	0.8696886	1.191611	1.178964	0.386121	0.8989284	0.6504105	2019
Victoria	1.3784995	0.1157543	0.8722039	0.8569993	1.1022588	0.9001943	1.650863	2019
Villaguay	1.267188	1.2738338	0.8937339	0.7711322	1.9202626	1.0027512	1.487163	2019
Colón	0.6902836	0.2546756	0.2524724	1.2839551	0.6670592	0.5960314	0.5179763	2020
Concordia	1.1540634	1.7045183	0.9570386	0.8253116	2.3247953	1.1533062	1.0027386	2020
Diamante	0.8399877	0.6697597	1.3409962	1.1003711	0.7610342	0.6959306	0.9520166	2020
Federación	1.1855795	0.5980429	0.7714691	1.0590433	1.601996	0.6162572	0.7700278	2020
Federal	1.3855957	2.3967251	0.9435649	0.3196312	4.1815217	0.9173074	2.6529131	2020
Feliciano	1.3398462	2.7435691	1.4693887	0.4067839	2.5855931	0.9198103	2.7345864	2020
Gualeguay	0.7254558	1.0592695	0.5802025	1.1636736	1.0812484	0.6156072	0.716327	2020
Gualeguaychú	0.9120085	0.9375049	0.9240171	1.0596202	0.7823359	1.0910946	0.8029776	2020
La Paz	0.9703498	1.1351162	1.1196235	0.8429436	2.5960814	0.7560137	1.3138779	2020
Nogoyá	1.0324987	0.5701664	1.0853773	1.0181067	1.3417894	0.7940003	0.9805115	2020
Paraná	1.15071	1.1167825	1.3009301	0.9241551	0.3318722	1.3028171	1.2199628	2020
San Salvador	0.5571339	0.9885605	0.2568017	1.197091	0.9794618	0.7712484	0.6419777	2020
Tala	1.0390156	0.783482	0.5556082	0.7179672	2.1902402	0.9888157	1.9915152	2020
Uruguay	0.7308053	0.852118	1.1879788	1.1735112	0.4024736	0.9060971	0.6352382	2020
Victoria	1.39860848	0.05495491	0.85723046	0.87289123	1.1390793	0.85854872	1.59351623	2020
Villaguay	1.2851028	1.5347139	0.8074459	0.7680191	2.1282932	0.9722998	1.465391	2020
Colón	0.6816091	0.2593425	0.2593313	1.2819465	0.683145	0.5872536	0.5098547	2021
Concordia	1.1446648	1.8285718	0.9575153	0.8376572	2.1744868999999998	1.1632343	0.996275	2021
Diamante	0.861889	0.6716683	1.2735359	1.1038232	0.7688204	0.6825798	0.933293	2021
Federación	1.1365333	0.4839445	0.7811818	1.0790422	1.5206841	0.6093942	0.7720833	2021
Federal	1.2811433	2.6850783	0.9216957	0.3265809	4.3976404	0.9556694	2.6242554	2021
Feliciano	1.0942914	2.6176096	1.4127854	0.445171	2.6657286	0.8815474	2.7994341	2021
Gualeguay	0.7526668	0.9204872	0.5832431	1.1624204	1.0971639	0.6097967	0.7122279	2021
Gualeguaychú	0.9092227	0.7619875	0.9073497	1.0690499	0.7782579	1.0710445	0.7987559	2021
La Paz	0.9480451	1.2488668	1.1442215	0.8385663	2.6310741	0.778404	1.3313765	2021
Nogoyá	1.046526	0.4611706	1.0882146	1.0148674	1.3465858	0.8256538	0.9918194	2021
Paraná	1.1533181	1.1124906	1.2991133	0.9253633	0.3490374	1.2846824	1.2185795	2021
San Salvador	0.5884842	0.925426	0.2813315	1.1825472	1.0232982	0.7679462	0.6624065	2021
Tala	1.047994	0.8661788	0.5496838	0.7049312	2.2176092	1.0422341	2.0341604	2021
Uruguay	0.7493412	0.851324	1.1997578	1.1563969	0.4148802	0.9504515	0.6388885	2021
Victoria	1.3694091	0.2865645	0.8753558	0.8795547	1.1791119	0.854162	1.563024	2021
Villaguay	1.335064	1.8046398	0.8614439	0.7408647	2.201891	1.0335293	1.4697212	2021
Colón	0.7165999	0.2566212	0.2666091	1.2716168	0.7322539	0.5798167	0.5160603	2022
Concordia	1.1638178	1.6078509	0.9699589	0.8650061	1.8458491	1.1781286	1.0060797	2022
Diamante	0.8594919	0.6562913	1.281878	1.0956398	0.79539	0.7032916	0.9489889	2022
Federación	1.1390593	0.4700749	0.7984044	1.0714333	1.5535108	0.6369546	0.7841101	2022
Federal	1.2274979	1.9974323	0.8981387	0.3554251	4.5075853	1.0164946	2.6680874	2022
Feliciano	1.092476	2.3812756	1.5126659	0.5002045	3.2762383	0.9791395	2.3153137	2022
Gualeguay	0.7938704	0.9306165	0.5944496	1.1416027	1.1686218	0.6331577	0.7339191	2022
Gualeguaychú	0.9393289	0.745096	0.8973648	1.069078	0.8012685	1.046438	0.7904292	2022
La Paz	0.9405407	1.2573236	1.1576999	0.8327416	2.7504124	0.8142998	1.3335955	2022
Nogoyá	1.0047151	0.4769069	1.1081716	1.0200914	1.4357904	0.790252	1.000449	2022
Paraná	1.1406946	1.172238	1.2909407	0.9246835	0.3641614	1.2733191	1.2143001	2022
San Salvador	0.5930409	1.0018751	0.2966657	1.1418424	1.5312849	0.7530459	0.6686163	2022
Tala	1.027895	1.221262	0.5537	0.691978	2.303576	1.072093	2.050614	2022
Uruguay	0.7180662	0.8282054	1.170547	1.162229	0.4108677	0.942885	0.6262096	2022
Victoria	1.3864068	0.9402895	0.8986553	0.8467618	1.2158281	0.8673904	1.5876614	2022
Villaguay	1.3061361	1.8534284	0.8746331	0.7257877	2.3610939	1.0511086	1.5059195	2022
